5 11
36 1
1 3
2 3
3 3
3 7
3 8
3 11
3 12
4 1
4 3
4 7
4 12
4 13
4 14
4 15
4 16
4 17
4 19
4 20
5 3
5 7
5 12
5 16
6 3
6 7
6 8
6 9
6 10
6 11
6 12
6 16
7 7
7 16
8 1
8 2
8 3
8 6
8 7
8 8
8 10
8 11
8 16
8 18
8 19
8 20
9 3
9 4
9 6
9 11
9 12
9 13
9 14
9 15
9 16
10 3
10 14
11 3
12 14
13 1
13 2
13 3
13 4
13 5
13 6
13 7
13 8
13 13
13 14
13 15
13 16
13 17
13 18
13 19
13 20
20 11
20 12
20 13
21 11
21 12
21 13
22 11
22 12
22 13
25 16
25 17
26 16
26 17
29 11
32 12
32 14
37 8
37 10
0 0
25 1
26 1
26 2
27 1
27 2
27 3
27 4
27 5
28 1
28 2
28 3
28 4
28 5
28 6
28 7
29 1
29 2
29 3
29 4
29 5
29 6
29 7
30 1
30 2
30 3
30 4
30 5
30 6
30 7
30 8
31 1
31 2
31 3
31 4
31 5
31 6
31 7
31 8
32 1
32 2
32 3
32 4
32 5
32 6
32 7
32 8
33 1
33 1
33 2
33 3
33 5
33 6
33 7
33 8
34 1
34 2
34 4
35 1
35 3
35 4
35 5
36 1
36 2
36 3
36 4
36 5
37 1
37 2
37 3
37 4
38 1
38 2
38 3
39 1
39 2
39 3
40 1
40 2
40 3
0 0
35 2
34 3
33 4
34 5
34 6
35 6
34 7
35 7
34 8
35 8
36 8
33 9
34 9
35 9
36 9
33 10
34 10
35 10
33 11
34 11
36 11
37 11
33 12
35 12
36 12
34 13
35 13
33 14
34 14
35 13
33 15
34 15
35 15
32 16
33 16
34 16
32 17
33 17
34 17
31 18
32 18
33 18
30 19
31 19
32 19
29 20
30 20
31 20
0 0